0 2502.7 -327.4
1 2501.7 789.6
1 2132.6 603.4
2 2643.3 -760.5
3 2396 -65.3
4 1260.8 448.1
5 2060.7 662.1
1 2156.3 391.1
6 1532.5 -743.2
7 2472 425.2
8 2740.6 -593.3
3 2490.9 670.3
9 2782.4 640.8
10 1579.8 279.9
0 2353.9 139.5
5 2016.5 845.8
11 1376.1 192.2
12 2654.4 53.3
2 2570.7 -782.1
10 2451.3 -560.5
2 2638.4 -476.4
11 3194.1 -457
13 2549.8 -803.2
14 2572.2 -548
0 2710.6 806.5
15 2448.9 -253.7
2 2469 -716.8
16 1386.3 -315.6
12 2801.6 -713
15 2325.2 652.5
1 2133 263.9
0 2733.1 450.4
15 3250.3 378.5
14 1280.9 -529.7
14 1901.4 794.4
12 2145.4 334.8
8 2561.7 -107
2 2927.2 -415
2 2660.3 -713.6
6 1843.9 774.1
5 1243.6 -314
8 3079.3 -222.8
17 3173.1 397.8
4 1703.6 596
8 2945.1 618.1
11 1841 36.3
11 2287.2 346.2
5 1123.8 -423
16 1867.5 289.2
4 2399.5 -509.8
2 2520.7 -500.8
0 2354.6 782.5
11 1825.3 134.6
18 1701.9 497.1
1 2320.8 -346.1
2 3068.3 617.2
19 2457.6 -529.2
11 1631.1 -236.2
10 2597.9 152.3
2 3182 -546.5
1 2621.2 864.4
16 2798.2 -827
8 2991.8 640.1
5 1550.6 -314.3
20 1444.5 -294.4
7 2522.2 722.4
2 2244.9 -493.2
4 2869.9 -661
0 2043.2 8.2
15 3271.3 437.5
4 2702.9 -146.3
14 1325.8 -508.1
13 1784.5 -117.7
1 2556.8 886.9
0 2347.1 759.1
0 2456.7 576.8
1 2344.8 424.9
1 2834.9 -146.4
2 2630.2 -571.1
15 2287 -314.8
16 1986.8 310.7
0 1588.3 -637
11 1902.1 -12.4
12 2330.5 33.4
8 3155.7 -76.4
16 2799.4 -802.4
16 1208.3 -340.4
5 2072.6 736.4
4 2029.3 566.7
4 2040.5 -40.6
12 2653.1 -225
12 2815.7 -417.1
4 2476.4 -958.1
6 2493.1 353
10 1375.8 278.7
1 2625.4 728.5
7 1502.1 -821.3
11 1269.2 -573.3
10 1523.2 236.8
1 2564.5 842
5 1344.1 -190.9
21 2413.2 282.2
16 2670.8 -902.8
15 2591.8 319.3
2 2879.7 -458.4
0 1741.2 -100.5
16 1766 735.2
2 2985.3 -502.8
4 2382.6 71.3
5 2233.9 952.9
2 2662.4 -372.8
7 2311.1 582.5
2 2441.8 -692.2
7 2609.2 130.6
11 2477.8 304.9
5 2112.3 993
10 1490.8 74.9
2 2964 -737.8
2 2688.7 -352.1
2 3147.4 -653.4
2 2652.6 -644.2
1 1593.9 471.7
15 2854.6 226.1
2 3002.1 -683.2
6 1448.7 -633.2
6 1774 449
5 2045.3 957.3
4 2529.7 -909
15 2695.8 318
15 2690 567.6
0 2950.8 186.5
17 2565.5 596.1
2 2693.3 -547.4
4 1607 617.1
11 2094.7 510.8
0 2391.1 13.7
7 2632 668.8
19 2787.5 728
1 2669.7 107.4
5 1663.7 -722.5
15 2904.6 122.7
4 2368.9 -490.4
10 1413 340.4
20 3292.6 398.2
18 1817.3 467.7
2 2964 -357.5
4 2730.9 585.1
15 2342.5 -212.4
7 1563 -541.9
15 3082.6 258.5
11 2763.5 470.5
16 2256.8 -254.9
2 3170.5 -432.6
15 1781 -465.1
10 1447 171.9
2 2644.3 -427
5 1165.4 -395.7
8 3198.4 -97.8
15 3242.3 345.2
2 2963.5 533
15 2515.2 334.4
2 2472.9 -579.3
21 3031.8 -896.4
20 2328.6 115.3
1 2284.1 -366.6
11 2440.3 240.4
14 1493.8 -607.7
15 3222.5 238.5
13 1830 -443.8
2 2713.7 -399.4
11 2432.1 445.2
16 1941 754.8
20 2594.9 -1060.8
4 2692.3 -982.4
2 2992.3 -797.9
2 2951.1 702.2
2 3177.1 -677.7
2 2734.9 -453.2
11 1724.3 195.6
2 2648.9 -183.3
1 2381.8 602
8 3176.5 -131.7
2 2871.4 664.9
1 2201.7 412
12 2619.8 -164.3
1 2634.3 614.8
4 1774.1 9.2
2 1565.5 -254.4
13 1831.8 -35.5
8 1203.6 470.2
13 2107.6 -78.1
0 2741.6 407.7
15 2851.3 617.4
1 1674.3 406.5
5 2161.2 869.1
8 2759 -164.3
21 3013.4 -832.7
17 2802 71.4
2 3018.7 565.3
4 1359.8 -87.4
10 1407.2 215
2 3160.3 -738.1
11 2553.3 194.5
4 1601.7 528.9
2 2746.7 667.6
21 2132.8 641.3
5 2280.1 622
11 2529.8 402.8
9 2477 259.8
12 2582.7 -691.2
15 2858.9 53.8
12 2567.5 228.6
6 1178.6 384.1
2 2604.5 -593.1
2 2487.2 -384.2
2 3156.3 -570.8
5 2074.8 800.2
10 1885 370.8
12 2411.5 324.1
15 2951 163.3
12 2359.8 259.7
15 1821.8 717.4
3 2465.6 -67.2
2 3035.7 728.5
5 1432.5 -64.2
15 2047.9 529.8
5 2275.4 715.2
13 1725 -10.9
8 2510.9 -88.3
4 3143.7 321.9
5 1377.6 -150.6
15 2689.2 705.6
2 2252.9 -423.7
4 2211.6 -273.8
1 2605.5 635.3
4 2115.1 547.6
4 2178.8 -294.2
5 2077.2 894.3
16 1852.7 818.7
15 1951.8 -33.6
2 2796.1 -566.4
15 2868.2 165.4
5 2152.3 914.3
4 2365.9 158.5
10 1442.9 119
8 3099.3 -368.5
0 2353.4 -134.1
1 2358.3 -387.9
8 3056.9 674.5
15 2589.7 298.9
15 2364 -273.5
8 2967.6 598.4
11 1855.3 230
0 2655.1 788.9
8 3133.8 -272.4
4 2459.6 -598.8
12 2654.5 340.3
6 1689.3 657.8
15 2560.7 378
0 2717.7 34.6
6 1754.6 428.1
21 2604.6 805.9
0 2233.8 780.7
16 2594.5 -933.3
14 2649 -1035.5
12 2214.3 13.9
16 1894.9 250.9
8 1804.8 -298.8
4 1999.3 -58.4
2 2776.7 -498.5
2 2471 -477.8
2 3027.6 -428
4 1315.1 -551.4
11 2301.2 303
8 3140.8 -181
13 1677 -78.1
15 2468.1 30.7
15 3120.8 369.9
2 2603 -304.9
2 2819.8 -693.1
16 2527.3 -1034.7
2 2622.9 -837.6
20 1236.9 -423.7
2 3046.7 -623.6
15 3258.6 259.6
2 2799 -476.3
15 2773.8 429.5
16 1926.2 732.4
5 2103.2 712
13 1769.4 -401.8
15 2739.5 14
9 2452.3 -25.1
15 2894.9 245.8
8 3097.8 772.5
13 1717.5 -422.5
15 2204.9 -334.1
17 2548.3 692.2
4 1605.6 427
5 2103 756.3
2 3157.8 -594.6
1 2468.6 -782.7
13 1734.6 54.9
0 2624.5 769.8
10 1477.5 301.2
4 1667.1 712.3
1 2180.2 576.5
4 2776.3 684.5
9 2843.4 750.2
15 2811 11.2
5 1224.8 -475.3
4 2913.1 -709.6
4 2717 549.9
21 1774.2 -355.1
2 2588.6 -452.2
2 2719.2 -202
15 1794.4 -253.9
15 3161.1 280.8
4 2925.6 -778.4
15 1452.2 -170.2
11 1324.1 299.6
15 2407 401.5
13 1806.6 -75.1
12 2592.2 88.9
4 1526.1 -274.8
5 1662.3 839.7
8 1151.3 427.1
8 2388.1 218.2
4 2271.7 676.8
5 1996.6 914.6
12 2638.3 170.5
11 1803.3 203
11 1664.3 153.5
10 1533.6 93.9
15 1947.1 595
11 1816.4 271.2
4 1600.4 132.3
1 2766.3 86.9
2 3018.6 -533.6
5 1175.4 -447.5
13 1661.5 30
0 1620.4 -293.5
8 2474.3 100.8
2 2801.3 -349.9
15 2368.7 559.4
0 2391.3 734.5
15 3153.8 214.8
1 2527.8 818.3
0 1592.2 257.7
6 1490.6 -714.8
15 1809 529
5 2065.3 776.2
0 2389.8 697
8 3177.7 -56.2
1 2849.1 -127.2
5 1615 -765.9
10 1748.1 572.9
11 1905 66.2
11 1711.5 112.2
1 2917.3 204.8
15 1649.3 -705.9
4 2449.9 -429.7
5 2199.2 694.2
2 2712.5 -289.7
2 3122.6 649.7
15 2886 303.3
17 2504 653.2
7 3124.4 -763.6
4 1914.7 644
1 2277 541.2
2 3010.4 -391
4 1769.4 387.1
13 2541.6 -350.4
2 2821.8 -329
10 1427.2 257.4
1 2253.3 521.1
12 2160.4 53
5 1987.1 874.5
5 2039.4 933.5
12 2610.5 71.4
17 2479.9 631.7
1 1660 451.2
1 2241.2 492.1
16 1612.7 806.5
8 2813.8 -537.4
2 2830.3 -518.4
0 1957.5 -78.6
2 2912.2 -627.5
13 1730.3 -380.1
15 2922.1 283.2
10 1578.5 320.1
8 1220 405.7
2 2894.4 -478.5
18 1821.8 493
4 2764.4 604.3
5 1414.8 -109.1
6 1561.8 -844.2
6 1793.5 796.1
16 2467.9 -937.7
2 3117.9 -625.4
2 2764.9 -732.6
6 1624.9 761.9
19 2619.4 204.6
4 3174.3 -392.4
6 1547.1 -801.3
14 1734.3 636.8
20 1982.7 331.3
1 2238.2 452.3
2 3009.4 -658.7
4 1396.4 151.5
0 2426.5 180.3
14 2628.5 -5.5
0 1739.3 -55.1
4 1630.3 551.2
4 1913.9 10.3
15 1806.6 548.9
12 2281.2 92.2
2 2797 -256.2
0 1997.6 32.7
12 2579.8 174.3
4 3249.3 308.5
0 2457.4 -109.8
2 2985.8 514.1
16 1868.9 697.8
10 2703.1 -247.3
5 1160.4 -314.3
15 2858.3 9.1
4 2618.3 -520.5
2 2863.8 -309.1
2 3031.8 -454.3
4 3130.5 -345.6
16 2017.1 286.8
19 2200.6 369.9
21 2492.7 467.4
17 3219.4 417.1
4 2742.5 -127.5
2 2205.4 -445.3
8 2542.4 445.6
8 3100.7 300.8
7 2783.8 -182.7
15 2854.8 143.6
0 2237.2 431.3
16 2799.9 -894.4
15 2607.2 276.7
10 1555.3 573.7
20 2781 -107
14 1358.1 -597.2
20 1950.1 351.8
2 2874.3 -288
4 1831.5 153.2
2 3213.9 -413.3
16 2738.7 -870.7
6 1460 -778.7
14 2403.9 -5.7
5 2165.2 971.5
17 2854 265.1
4 3103.7 343.5
5 1270.7 -369
0 2588.9 749.8
11 1776.7 341.5
2 2804.1 -755.6
2 2415 -410
14 1713.1 818.9
2 2839.2 -380.8
2 2778.4 -435.3
4 1728.2 678.7
2 2704.2 -781.5
6 1820.3 678.2
2 2935.8 -566.4
5 1334.7 -129.6
0 2241.6 737.5
12 2165 281
5 2163.8 819.2
4 2988.9 -874.9
5 1120.1 -368.6
5 1424.6 -348.7
1 2659.8 829.5
15 1786.5 409.1
15 2286 -190.9
10 1545 58.1
16 1664.5 784.6
10 1884.1 408.8
0 2539.8 -25.7
10 2337.1 -446.6
12 2581 14.6
12 2659.2 279.5
12 2512.9 52.5
4 1928.9 389.1
2 2533.9 -740.6
4 3084.6 -711.5
14 1584.6 -560.9
15 2306.4 -236.5
21 2506.2 -45.8
4 3055.5 -853.7
2 2462.2 -826.8
2 3200.2 -493.7
2 2488.4 -761.9
13 1689.3 -34.4
14 2067.6 585.1
8 2719.3 388.3
15 2726.8 358.5
2 1655.3 -217.7
14 1518.6 -656.4
1 2631.8 -125.9
11 1758.6 175.7
0 2349.5 372.5
2 1235.3 361.2
2 2613.4 -405.7
2 2864.7 -439.7
4 1610.4 -201
14 1486.2 -676
16 2575 -1008.9
1 2142.6 308.8
15 2262.7 -172.9
2 2301.4 -468.5
11 1676.4 216.9
12 2282.8 -26.6