0 39.211 556.19
0 46.179 526.507
0 61.915 524.604
0 65.72 531.695
0 80.419 528.928
0 12.264 762.294
0 41.919 776.673
0 43.419 783.344
0 65.187 738.367
0 64.72 723.974
0 73.372 708.833
0 64.32 693.092
0 77.498 693.492
0 56.467 656.354
0 115.645 682.323
0 113.988 729.952
0 137.154 742.503
0 111.103 608.229
0 143.582 593.054
0 155.529 654.019
0 174.164 638.711
0 166.311 667.463
0 178.723 694.75
0 184.846 697.679
0 195.096 702.338
0 193.765 730.757
0 174.597 745.798
0 157.011 802.159
0 191.335 580.202
0 205.844 587.923
0 221.684 576.475
0 203.714 568.755
0 190.803 560.236
0 202.911 540.915
0 231.618 535.208
0 217.61 518.78
2 230.821 566.587
2 221.37 584.59
2 228.558 582.327
2 236.412 584.723
2 238.142 602.693
2 229.224 600.43
2 223.101 610.813
2 190.974 645.466
2 253.43 715.841
2 187.604 754.033
2 199.062 797.392
2 228.043 820.308
2 67.299 827.721
2 80.104 852.209
2 180.258 578.719
2 160.488 565.688
2 136.224 539.403
2 95.336 591.973
2 97.134 561.42
2 98.032 549.962
1 107.019 543.391
1 120.273 516.431
1 187.447 511.489
1 209.014 526.541
1 87.698 532.382
1 56.021 598.432
1 101.851 602.251
1 173.743 578.887
1 203.398 595.062
1 162.285 622.695
1 163.858 628.761
1 83.879 645.555
1 76.015 676.558
1 142.515 669.368
1 136 683.185
1 169.923 691.273
1 124.317 685.881
1 124.542 706.269
1 150.378 723.792
1 151.277 748.729
1 109.265 754.346
1 104.772 748.28
1 88.372 734.127
1 194.861 741.596
1 177.786 784.057
1 63.435 809.893
1 52.271 835.573
1 46.391 830.731
1 41.204 826.753
1 35.324 822.257
1 12.324 835.919
1 22.527 818.28
1 43.798 804.1
1 49.677 798.22
1 36.016 779.5
1 31.52 774.312
1 51.752 738.343
1 64.722 711.064
1 55.557 702.59
1 233.768 618.887